4284
676
4286
3197
3524
3482
2075
1081
425
3900
1427
497
106
4897
4395
2113
1778
2157
1551
831
2109
1440
3540
2329
721
1041
797
4173
472
2525
3277
1338
4368
3740
3399
4707
716
645
1846
3402
1489
4453
1811
257
3054
3055
1319
2484
3720
4181
2749
992
4018
4518
1976
379
2425
677
1554
4027
2792
3159
1947
3084
2740
1118
2500
300
229
3693
3838
2245
2122
3494
185
2616
3978
619
4804
3568
4901
3204
4310
3522
2628
589
1799
895
4948
3545
3593
4169
3205
1367
3989
2946
3148
3986
1800
2843
1221
143
2979
2071
2374
3783
2468
3027
1819
2937
2852
1654
3361
4388
484
2798
3324
3097
2608
356
4227
761
2546
4008
393
7
3446
687
4731
4317
2916
3616
269
3641
4359
664
905
2790
1388
766
3275
1989
556
6
2052
4970
2075
2546
1690
1899
549
4788
3286
2265
1670
2310
1034
2895
422
1016
1691
1489
4667
402
3423
2137
3497
1444
4508
1068
3128
1325
1910
3070
4188
997
3652
1373
1706
2776
2956
52
2100
4207
1343
2210
2768
2281
2449
3423
847
1134
2149
645
1043
4071
4577
4844
39
4852
1457
2073
903
1442
4750
3803
3649
2977
421
3720
1051
812
3609
4854
3663
2205
2281
2030
965
4501
4935
1274
4539
3663
74
2515
4577
1260
2909
586
3068
3792
4822
1616
1676
1755
3321
1839
2194
3936
594
2369
2818
914
2251
2946
4419
1550
4665
1464
1853
4522
4514
2353
3656
2093
4400
2222
1314
4892
4528
4323
672
2763
4947
1153
1152
4870
4315
1719
3845
408
2501
4986
4870
4118
4107
714
4012
4466
3015
4733
1217
2319
544
3668
4322
3944
1361
4801
4574
1978
2979
3906
3093
4990
785
1245
3435
2513
4580
3828
1947
2130
4821
645
2246
2399
3172
3133
3710
1469
435
2120
742
3187
3689
1942
3562
1177
2346
1402
1701
896
2682
3861
301
3879
1879
1535
1083
2874
2875
3061
241
2210
2709
2842
921
1540
3418
2846
727
2264
3958
2339
2205
1198
3470
116
3852
1518
1844
959
440
4700
4127
1135
1331
3911
241
2304
4099
4343
2675
2354
3456
1003
2447
2006
3286
3154
2420
1810
3483
1172
3979
1527
1614
3615
964
2236
1511
3556
3189
407
2803
4852
1096
67
4446
2211
2446
1944
2594
2680
1310
1292
4529
380
4701
3187
2378
2792
1914
4728
1407
774
1859
3517
2289
4355
3927
1054
1819
4911
4429
3723
1412
4043
4340
2735
1757
4551
3713
4324
2507
546
573
2126
2042
4681
4351
705
1386
2715
1833
2081
711
4892
2333
4422
397
384
217
567
1291
2593
1933
2141
582
2577
551
1927
4254
3138
844
4178
379
1809
1168
3559
4937
808
4574
1795
1131
395
3855
3466
4429
2598
59
1089
4908
3616
3984
1562
4808
3218
786
2952
2503
3630
791
685
1767
1397
3065
1181
1490
118
3324
4598
3958
163
3339
3380
834
1512
3791
1991
324
3649
2564
4023
1557
3993
3822
1576
2644
3970
1576
4616
4586
3357
2731
1215
4071
1877
2234
2263
2481
2256
4187
2664
291
2065
2654
3297
3657
1326
3469
1209
1103
3962
3804
3864
2276
4482
1834
2715
184
591
4293
2037
2163
96
1663
2982
4329
1635
466
3351
1327
2127
3145
4871
3846
523
1172
3735
2190
2656
3045
3851
2770
641
1334
470
3076
1094
4061
2522
3858
4238
4279
2678
2334
399
1983
2194
797
493
3849
3961
2899
353
756
3675
124
1070
2601
974
4079
4105
1810
237
3597
932
4761
2599
15
1669
790
2617
4810
1717
4312
2685
1514
3962
2715
3602
3218
1535
4057
4378
2994
1358
4839
1790
2748
3733
2550
3086
3212
3888
4608
460
3082
3223
371
465
4780
1687
3487
4910
1567
37
1484
4651
1059
2629
4250
3144
623
1419
1762
1727
1549
1976
1235
2588
2019
3062
84
2848
697
3127
87
1785
791
3726
89
3080
2419
3313
1908
2841
4877
2066
2749
3467
2112
1595
1963
3719
4315
2568
3366
3883
103
1733
1864
1750
62
3958
4914
3956
2492
3844
4315
2332
2536
4164
1669
1241
1428
4143
3355
2795
2591
4658
2392
1621
150
2770
3224
2506
1347
3787
4302
1565
1276
4610
1900
3095
2569
3369
1818
3824
364
4191
114
44
337
2887
1054
4234
2998
2744
559
619
1407
2595
2341
275
3183
1290
3309
698
1739
2326
3486
4456
792
3079
3463
4652
1048
1956
693
3842
967
3785
2122
2333
2462
1005
2354
4472
1007
2590
2702
2963
3371
3939
2431
3222
4192
4900
3618
2504
41
4601
103
4700
1493
4701
3656
1039
422
3234
2795
1426
4803
3339
3872
1973
2984
3759
2812
1731
3860
4705
4227
4731
1314
241
2348
3220
573
4367
850
4404
1539
4299
4395
380
2828
3350
454
4046
2441
3937
2077
2685
4069
3659
332
1786
3046
4241
2292
3881
55
2921
131
964
465
2694
1314
3329
64
2504
2337
2135
4582
1816
119
1706
4757
1668
13
3743
3764
2922
3022
2275
4046
3291
1011
1960
1220
1217
2477
74
666
2533
4072
1984
1123
2452
904
1235
3082
763
2250
1061
3738
1217
4759
715
930
3843
986
4462
942
4532
746
3280
1703
3025
1626
1859
2704
2292
1084
3231
3509
2839
3245
441
3318
2139
3574
2053
2090
320
408
4825
620
4942
1836
2290
3180
3931
1753
3030
2258
270
4730
764
3140
2997
1015
4766
1170
3893
4941
182
1106
743
3827
2036
397
508
950
3408
1908
4464
4374
411
2147
996
3063
3499
698
3241
3499
4744
1250
1464
858
1784
3264
3921
723
2672
2475
1905
4859
2411
2648
3341
3957
2328
816
3884
92
2834
603
445
3656
1385
2215
1498
3669
4629
408
4300
4851
161
3602
1856
2541
725
4946
3887
4641
2159
3294
1463
1005
2408
949
722
2015
1967
843
4369
4973
27
2594
2158
598
213
4699
4126
